                
                                                      0000                      
                                0000000000000000     0000000                    
                            00000000000000000000000000000000                    
                          00000000000000000000000000000000                      
                        00000000000000000000000000000000                        
                       0000000000000000000000000000000000                       
                     0000000000000000000000000000000000000                      
                    00000000000000000      0000000000000000                     
                    00000000000000       0000000000000000000                    
                   0000000000000        000000000000000000000                   
                   000000000000       000000000  000000000000                   
                   000000000000     000000000    000000000000                   
                   000000000000    000000000     000000000000                   
                   000000000000  000000000       000000000000                   
                   000000000000000000000        0000000000000                   
                   00000000000000000000        00000000000000                   
                    00000000000000000        000000000000000                    
                     00000000000000000000000000000000000000                     
                      000000000000000000000000000000000000                      
                       0000000000000000000000000000000000                       
                      000000000000000000000000000000000                         
                    000000000000000000000000000000000                           
                    0000000   00000000000000000000                              
                      0000        000000000000                                  
                                                                                
                     
This is \n (\s \m \r) \t                                                                  
